{
 "cells": [
  {
   "cell_type": "code",
   "execution_count": 1,
   "metadata": {
    "collapsed": true
   },
   "outputs": [],
   "source": [
    "import pandas as pd\n",
    "import matplotlib\n",
    "import numpy\n",
    "%matplotlib inline"
   ]
  },
  {
   "cell_type": "code",
   "execution_count": 2,
   "metadata": {
    "collapsed": true
   },
   "outputs": [],
   "source": [
    "df = pd.read_csv(\"constituency_opinion_estimates_2010_2014.csv\")"
   ]
  },
  {
   "cell_type": "code",
   "execution_count": 23,
   "metadata": {
    "collapsed": false
   },
   "outputs": [
    {
     "data": {
      "text/html": [
       "<div>\n",
       "<table border=\"1\" class=\"dataframe\">\n",
       "  <thead>\n",
       "    <tr style=\"text-align: right;\">\n",
       "      <th></th>\n",
       "      <th>refno</th>\n",
       "      <th>constname</th>\n",
       "      <th>gsscode</th>\n",
       "      <th>redist11pt_mean</th>\n",
       "      <th>redist11pt_cilo</th>\n",
       "      <th>redist11pt_cihi</th>\n",
       "      <th>euref_mean</th>\n",
       "      <th>euref_cilo</th>\n",
       "      <th>euref_cihi</th>\n",
       "      <th>immigcult_mean</th>\n",
       "      <th>...</th>\n",
       "      <th>immigcult_cihi</th>\n",
       "      <th>ssm_mean</th>\n",
       "      <th>ssm_cilo</th>\n",
       "      <th>ssm_cihi</th>\n",
       "      <th>eudis_mean</th>\n",
       "      <th>eudis_cilo</th>\n",
       "      <th>eudis_cihi</th>\n",
       "      <th>econlr_mean</th>\n",
       "      <th>econlr_cilo</th>\n",
       "      <th>econlr_cihi</th>\n",
       "    </tr>\n",
       "  </thead>\n",
       "  <tbody>\n",
       "    <tr>\n",
       "      <th>0</th>\n",
       "      <td>1</td>\n",
       "      <td>Aberavon</td>\n",
       "      <td>W07000049</td>\n",
       "      <td>3.695284</td>\n",
       "      <td>3.378627</td>\n",
       "      <td>4.008046</td>\n",
       "      <td>48.383518</td>\n",
       "      <td>41.359853</td>\n",
       "      <td>54.660844</td>\n",
       "      <td>3.125392</td>\n",
       "      <td>...</td>\n",
       "      <td>3.362297</td>\n",
       "      <td>58.023178</td>\n",
       "      <td>50.811772</td>\n",
       "      <td>65.722245</td>\n",
       "      <td>50.609260</td>\n",
       "      <td>42.686492</td>\n",
       "      <td>58.523050</td>\n",
       "      <td>-1.584669</td>\n",
       "      <td>-2.295361</td>\n",
       "      <td>-0.833680</td>\n",
       "    </tr>\n",
       "    <tr>\n",
       "      <th>1</th>\n",
       "      <td>2</td>\n",
       "      <td>Aberconwy</td>\n",
       "      <td>W07000058</td>\n",
       "      <td>4.300905</td>\n",
       "      <td>3.991315</td>\n",
       "      <td>4.593337</td>\n",
       "      <td>52.310745</td>\n",
       "      <td>45.609311</td>\n",
       "      <td>58.738533</td>\n",
       "      <td>3.311860</td>\n",
       "      <td>...</td>\n",
       "      <td>3.592840</td>\n",
       "      <td>55.517586</td>\n",
       "      <td>49.636863</td>\n",
       "      <td>62.226684</td>\n",
       "      <td>52.870033</td>\n",
       "      <td>44.818714</td>\n",
       "      <td>60.642912</td>\n",
       "      <td>-0.105823</td>\n",
       "      <td>-0.772076</td>\n",
       "      <td>0.618162</td>\n",
       "    </tr>\n",
       "    <tr>\n",
       "      <th>2</th>\n",
       "      <td>3</td>\n",
       "      <td>Aberdeen North</td>\n",
       "      <td>S14000001</td>\n",
       "      <td>3.813816</td>\n",
       "      <td>3.461192</td>\n",
       "      <td>4.147387</td>\n",
       "      <td>38.030707</td>\n",
       "      <td>31.609638</td>\n",
       "      <td>44.878581</td>\n",
       "      <td>3.872343</td>\n",
       "      <td>...</td>\n",
       "      <td>4.140417</td>\n",
       "      <td>64.112562</td>\n",
       "      <td>55.437881</td>\n",
       "      <td>71.854186</td>\n",
       "      <td>39.639451</td>\n",
       "      <td>31.620011</td>\n",
       "      <td>48.915458</td>\n",
       "      <td>-1.252566</td>\n",
       "      <td>-2.103390</td>\n",
       "      <td>-0.351962</td>\n",
       "    </tr>\n",
       "    <tr>\n",
       "      <th>3</th>\n",
       "      <td>4</td>\n",
       "      <td>Aberdeen South</td>\n",
       "      <td>S14000002</td>\n",
       "      <td>4.220543</td>\n",
       "      <td>3.913391</td>\n",
       "      <td>4.533444</td>\n",
       "      <td>32.784458</td>\n",
       "      <td>27.272056</td>\n",
       "      <td>38.762001</td>\n",
       "      <td>4.099264</td>\n",
       "      <td>...</td>\n",
       "      <td>4.359464</td>\n",
       "      <td>64.245851</td>\n",
       "      <td>56.582616</td>\n",
       "      <td>71.464928</td>\n",
       "      <td>34.771568</td>\n",
       "      <td>27.021970</td>\n",
       "      <td>43.108658</td>\n",
       "      <td>-0.545755</td>\n",
       "      <td>-1.384504</td>\n",
       "      <td>0.242231</td>\n",
       "    </tr>\n",
       "    <tr>\n",
       "      <th>4</th>\n",
       "      <td>5</td>\n",
       "      <td>West Aberdeenshire and Kincardine</td>\n",
       "      <td>S14000058</td>\n",
       "      <td>4.754696</td>\n",
       "      <td>4.433378</td>\n",
       "      <td>5.051736</td>\n",
       "      <td>38.580496</td>\n",
       "      <td>32.644998</td>\n",
       "      <td>44.977058</td>\n",
       "      <td>3.707387</td>\n",
       "      <td>...</td>\n",
       "      <td>3.956183</td>\n",
       "      <td>55.984083</td>\n",
       "      <td>46.999517</td>\n",
       "      <td>63.467649</td>\n",
       "      <td>40.043867</td>\n",
       "      <td>32.667452</td>\n",
       "      <td>47.725542</td>\n",
       "      <td>0.084901</td>\n",
       "      <td>-0.671989</td>\n",
       "      <td>0.833180</td>\n",
       "    </tr>\n",
       "  </tbody>\n",
       "</table>\n",
       "<p>5 rows × 21 columns</p>\n",
       "</div>"
      ],
      "text/plain": [
       "   refno                          constname    gsscode  redist11pt_mean  \\\n",
       "0      1                           Aberavon  W07000049         3.695284   \n",
       "1      2                          Aberconwy  W07000058         4.300905   \n",
       "2      3                     Aberdeen North  S14000001         3.813816   \n",
       "3      4                     Aberdeen South  S14000002         4.220543   \n",
       "4      5  West Aberdeenshire and Kincardine  S14000058         4.754696   \n",
       "\n",
       "   redist11pt_cilo  redist11pt_cihi  euref_mean  euref_cilo  euref_cihi  \\\n",
       "0         3.378627         4.008046   48.383518   41.359853   54.660844   \n",
       "1         3.991315         4.593337   52.310745   45.609311   58.738533   \n",
       "2         3.461192         4.147387   38.030707   31.609638   44.878581   \n",
       "3         3.913391         4.533444   32.784458   27.272056   38.762001   \n",
       "4         4.433378         5.051736   38.580496   32.644998   44.977058   \n",
       "\n",
       "   immigcult_mean     ...       immigcult_cihi   ssm_mean   ssm_cilo  \\\n",
       "0        3.125392     ...             3.362297  58.023178  50.811772   \n",
       "1        3.311860     ...             3.592840  55.517586  49.636863   \n",
       "2        3.872343     ...             4.140417  64.112562  55.437881   \n",
       "3        4.099264     ...             4.359464  64.245851  56.582616   \n",
       "4        3.707387     ...             3.956183  55.984083  46.999517   \n",
       "\n",
       "    ssm_cihi  eudis_mean  eudis_cilo  eudis_cihi  econlr_mean  econlr_cilo  \\\n",
       "0  65.722245   50.609260   42.686492   58.523050    -1.584669    -2.295361   \n",
       "1  62.226684   52.870033   44.818714   60.642912    -0.105823    -0.772076   \n",
       "2  71.854186   39.639451   31.620011   48.915458    -1.252566    -2.103390   \n",
       "3  71.464928   34.771568   27.021970   43.108658    -0.545755    -1.384504   \n",
       "4  63.467649   40.043867   32.667452   47.725542     0.084901    -0.671989   \n",
       "\n",
       "   econlr_cihi  \n",
       "0    -0.833680  \n",
       "1     0.618162  \n",
       "2    -0.351962  \n",
       "3     0.242231  \n",
       "4     0.833180  \n",
       "\n",
       "[5 rows x 21 columns]"
      ]
     },
     "execution_count": 23,
     "metadata": {},
     "output_type": "execute_result"
    }
   ],
   "source": [
    "df.head()"
   ]
  },
  {
   "cell_type": "code",
   "execution_count": 4,
   "metadata": {
    "collapsed": false
   },
   "outputs": [
    {
     "data": {
      "text/plain": [
       "Index(['refno', 'constname', 'gsscode', 'redist11pt_mean', 'redist11pt_cilo',\n",
       "       'redist11pt_cihi', 'euref_mean', 'euref_cilo', 'euref_cihi',\n",
       "       'immigcult_mean', 'immigcult_cilo', 'immigcult_cihi', 'ssm_mean',\n",
       "       'ssm_cilo', 'ssm_cihi', 'eudis_mean', 'eudis_cilo', 'eudis_cihi',\n",
       "       'econlr_mean', 'econlr_cilo', 'econlr_cihi'],\n",
       "      dtype='object')"
      ]
     },
     "execution_count": 4,
     "metadata": {},
     "output_type": "execute_result"
    }
   ],
   "source": [
    "df.columns"
   ]
  },
  {
   "cell_type": "code",
   "execution_count": 5,
   "metadata": {
    "collapsed": false
   },
   "outputs": [
    {
     "data": {
      "text/plain": [
       "0    48.383518\n",
       "1    52.310745\n",
       "2    38.030707\n",
       "3    32.784458\n",
       "4    38.580496\n",
       "Name: euref_mean, dtype: float64"
      ]
     },
     "execution_count": 5,
     "metadata": {},
     "output_type": "execute_result"
    }
   ],
   "source": [
    "df['euref_mean'].head()"
   ]
  },
  {
   "cell_type": "code",
   "execution_count": 6,
   "metadata": {
    "collapsed": false
   },
   "outputs": [
    {
     "data": {
      "text/plain": [
       "0    3.125392\n",
       "1    3.311860\n",
       "2    3.872343\n",
       "3    4.099264\n",
       "4    3.707387\n",
       "Name: immigcult_mean, dtype: float64"
      ]
     },
     "execution_count": 6,
     "metadata": {},
     "output_type": "execute_result"
    }
   ],
   "source": [
    "df['immigcult_mean'].head()"
   ]
  },
  {
   "cell_type": "code",
   "execution_count": 18,
   "metadata": {
    "collapsed": false
   },
   "outputs": [
    {
     "data": {
      "text/html": [
       "<div>\n",
       "<table border=\"1\" class=\"dataframe\">\n",
       "  <thead>\n",
       "    <tr style=\"text-align: right;\">\n",
       "      <th></th>\n",
       "      <th>refno</th>\n",
       "      <th>redist11pt_mean</th>\n",
       "      <th>redist11pt_cilo</th>\n",
       "      <th>redist11pt_cihi</th>\n",
       "      <th>euref_mean</th>\n",
       "      <th>euref_cilo</th>\n",
       "      <th>euref_cihi</th>\n",
       "      <th>immigcult_mean</th>\n",
       "      <th>immigcult_cilo</th>\n",
       "      <th>immigcult_cihi</th>\n",
       "      <th>ssm_mean</th>\n",
       "      <th>ssm_cilo</th>\n",
       "      <th>ssm_cihi</th>\n",
       "      <th>eudis_mean</th>\n",
       "      <th>eudis_cilo</th>\n",
       "      <th>eudis_cihi</th>\n",
       "      <th>econlr_mean</th>\n",
       "      <th>econlr_cilo</th>\n",
       "      <th>econlr_cihi</th>\n",
       "    </tr>\n",
       "  </thead>\n",
       "  <tbody>\n",
       "    <tr>\n",
       "      <th>refno</th>\n",
       "      <td>1.000000</td>\n",
       "      <td>0.105465</td>\n",
       "      <td>0.107347</td>\n",
       "      <td>0.102611</td>\n",
       "      <td>0.032800</td>\n",
       "      <td>0.030020</td>\n",
       "      <td>0.034251</td>\n",
       "      <td>-0.029933</td>\n",
       "      <td>-0.029380</td>\n",
       "      <td>-0.027276</td>\n",
       "      <td>-0.032670</td>\n",
       "      <td>-0.005004</td>\n",
       "      <td>-0.052281</td>\n",
       "      <td>0.043075</td>\n",
       "      <td>0.048560</td>\n",
       "      <td>0.036051</td>\n",
       "      <td>0.068432</td>\n",
       "      <td>0.077012</td>\n",
       "      <td>0.058452</td>\n",
       "    </tr>\n",
       "    <tr>\n",
       "      <th>redist11pt_mean</th>\n",
       "      <td>0.105465</td>\n",
       "      <td>1.000000</td>\n",
       "      <td>0.998403</td>\n",
       "      <td>0.998212</td>\n",
       "      <td>0.199081</td>\n",
       "      <td>0.203076</td>\n",
       "      <td>0.193719</td>\n",
       "      <td>-0.195862</td>\n",
       "      <td>-0.181754</td>\n",
       "      <td>-0.208318</td>\n",
       "      <td>-0.314321</td>\n",
       "      <td>-0.242739</td>\n",
       "      <td>-0.368078</td>\n",
       "      <td>0.290781</td>\n",
       "      <td>0.318835</td>\n",
       "      <td>0.258366</td>\n",
       "      <td>0.895609</td>\n",
       "      <td>0.895114</td>\n",
       "      <td>0.887197</td>\n",
       "    </tr>\n",
       "    <tr>\n",
       "      <th>redist11pt_cilo</th>\n",
       "      <td>0.107347</td>\n",
       "      <td>0.998403</td>\n",
       "      <td>1.000000</td>\n",
       "      <td>0.994719</td>\n",
       "      <td>0.198284</td>\n",
       "      <td>0.204082</td>\n",
       "      <td>0.191110</td>\n",
       "      <td>-0.202451</td>\n",
       "      <td>-0.186220</td>\n",
       "      <td>-0.217126</td>\n",
       "      <td>-0.315453</td>\n",
       "      <td>-0.241106</td>\n",
       "      <td>-0.372258</td>\n",
       "      <td>0.292829</td>\n",
       "      <td>0.322095</td>\n",
       "      <td>0.259144</td>\n",
       "      <td>0.890381</td>\n",
       "      <td>0.892278</td>\n",
       "      <td>0.879906</td>\n",
       "    </tr>\n",
       "    <tr>\n",
       "      <th>redist11pt_cihi</th>\n",
       "      <td>0.102611</td>\n",
       "      <td>0.998212</td>\n",
       "      <td>0.994719</td>\n",
       "      <td>1.000000</td>\n",
       "      <td>0.198873</td>\n",
       "      <td>0.200940</td>\n",
       "      <td>0.195525</td>\n",
       "      <td>-0.188262</td>\n",
       "      <td>-0.176520</td>\n",
       "      <td>-0.198371</td>\n",
       "      <td>-0.310048</td>\n",
       "      <td>-0.242573</td>\n",
       "      <td>-0.360382</td>\n",
       "      <td>0.286624</td>\n",
       "      <td>0.313130</td>\n",
       "      <td>0.256078</td>\n",
       "      <td>0.894761</td>\n",
       "      <td>0.891910</td>\n",
       "      <td>0.888960</td>\n",
       "    </tr>\n",
       "    <tr>\n",
       "      <th>euref_mean</th>\n",
       "      <td>0.032800</td>\n",
       "      <td>0.199081</td>\n",
       "      <td>0.198284</td>\n",
       "      <td>0.198873</td>\n",
       "      <td>1.000000</td>\n",
       "      <td>0.997451</td>\n",
       "      <td>0.997891</td>\n",
       "      <td>-0.935041</td>\n",
       "      <td>-0.941718</td>\n",
       "      <td>-0.922216</td>\n",
       "      <td>-0.793470</td>\n",
       "      <td>-0.758435</td>\n",
       "      <td>-0.791413</td>\n",
       "      <td>0.911005</td>\n",
       "      <td>0.903283</td>\n",
       "      <td>0.905016</td>\n",
       "      <td>0.419109</td>\n",
       "      <td>0.434008</td>\n",
       "      <td>0.403738</td>\n",
       "    </tr>\n",
       "    <tr>\n",
       "      <th>euref_cilo</th>\n",
       "      <td>0.030020</td>\n",
       "      <td>0.203076</td>\n",
       "      <td>0.204082</td>\n",
       "      <td>0.200940</td>\n",
       "      <td>0.997451</td>\n",
       "      <td>1.000000</td>\n",
       "      <td>0.991884</td>\n",
       "      <td>-0.934483</td>\n",
       "      <td>-0.938182</td>\n",
       "      <td>-0.924828</td>\n",
       "      <td>-0.791082</td>\n",
       "      <td>-0.751612</td>\n",
       "      <td>-0.793526</td>\n",
       "      <td>0.909102</td>\n",
       "      <td>0.904527</td>\n",
       "      <td>0.900155</td>\n",
       "      <td>0.424447</td>\n",
       "      <td>0.441509</td>\n",
       "      <td>0.407166</td>\n",
       "    </tr>\n",
       "    <tr>\n",
       "      <th>euref_cihi</th>\n",
       "      <td>0.034251</td>\n",
       "      <td>0.193719</td>\n",
       "      <td>0.191110</td>\n",
       "      <td>0.195525</td>\n",
       "      <td>0.997891</td>\n",
       "      <td>0.991884</td>\n",
       "      <td>1.000000</td>\n",
       "      <td>-0.929004</td>\n",
       "      <td>-0.938573</td>\n",
       "      <td>-0.913228</td>\n",
       "      <td>-0.788666</td>\n",
       "      <td>-0.758063</td>\n",
       "      <td>-0.782242</td>\n",
       "      <td>0.906501</td>\n",
       "      <td>0.896017</td>\n",
       "      <td>0.903610</td>\n",
       "      <td>0.411169</td>\n",
       "      <td>0.423881</td>\n",
       "      <td>0.398003</td>\n",
       "    </tr>\n",
       "    <tr>\n",
       "      <th>immigcult_mean</th>\n",
       "      <td>-0.029933</td>\n",
       "      <td>-0.195862</td>\n",
       "      <td>-0.202451</td>\n",
       "      <td>-0.188262</td>\n",
       "      <td>-0.935041</td>\n",
       "      <td>-0.934483</td>\n",
       "      <td>-0.929004</td>\n",
       "      <td>1.000000</td>\n",
       "      <td>0.997232</td>\n",
       "      <td>0.997174</td>\n",
       "      <td>0.818468</td>\n",
       "      <td>0.777395</td>\n",
       "      <td>0.818787</td>\n",
       "      <td>-0.907403</td>\n",
       "      <td>-0.898536</td>\n",
       "      <td>-0.900287</td>\n",
       "      <td>-0.356209</td>\n",
       "      <td>-0.378270</td>\n",
       "      <td>-0.333753</td>\n",
       "    </tr>\n",
       "    <tr>\n",
       "      <th>immigcult_cilo</th>\n",
       "      <td>-0.029380</td>\n",
       "      <td>-0.181754</td>\n",
       "      <td>-0.186220</td>\n",
       "      <td>-0.176520</td>\n",
       "      <td>-0.941718</td>\n",
       "      <td>-0.938182</td>\n",
       "      <td>-0.938573</td>\n",
       "      <td>0.997232</td>\n",
       "      <td>1.000000</td>\n",
       "      <td>0.989445</td>\n",
       "      <td>0.812780</td>\n",
       "      <td>0.776880</td>\n",
       "      <td>0.809037</td>\n",
       "      <td>-0.909427</td>\n",
       "      <td>-0.897613</td>\n",
       "      <td>-0.905513</td>\n",
       "      <td>-0.347034</td>\n",
       "      <td>-0.366888</td>\n",
       "      <td>-0.326792</td>\n",
       "    </tr>\n",
       "    <tr>\n",
       "      <th>immigcult_cihi</th>\n",
       "      <td>-0.027276</td>\n",
       "      <td>-0.208318</td>\n",
       "      <td>-0.217126</td>\n",
       "      <td>-0.198371</td>\n",
       "      <td>-0.922216</td>\n",
       "      <td>-0.924828</td>\n",
       "      <td>-0.913228</td>\n",
       "      <td>0.997174</td>\n",
       "      <td>0.989445</td>\n",
       "      <td>1.000000</td>\n",
       "      <td>0.819200</td>\n",
       "      <td>0.773362</td>\n",
       "      <td>0.823707</td>\n",
       "      <td>-0.899613</td>\n",
       "      <td>-0.893796</td>\n",
       "      <td>-0.889342</td>\n",
       "      <td>-0.363045</td>\n",
       "      <td>-0.387159</td>\n",
       "      <td>-0.338548</td>\n",
       "    </tr>\n",
       "    <tr>\n",
       "      <th>ssm_mean</th>\n",
       "      <td>-0.032670</td>\n",
       "      <td>-0.314321</td>\n",
       "      <td>-0.315453</td>\n",
       "      <td>-0.310048</td>\n",
       "      <td>-0.793470</td>\n",
       "      <td>-0.791082</td>\n",
       "      <td>-0.788666</td>\n",
       "      <td>0.818468</td>\n",
       "      <td>0.812780</td>\n",
       "      <td>0.819200</td>\n",
       "      <td>1.000000</td>\n",
       "      <td>0.982120</td>\n",
       "      <td>0.985135</td>\n",
       "      <td>-0.809790</td>\n",
       "      <td>-0.796706</td>\n",
       "      <td>-0.807914</td>\n",
       "      <td>-0.483151</td>\n",
       "      <td>-0.490479</td>\n",
       "      <td>-0.471578</td>\n",
       "    </tr>\n",
       "    <tr>\n",
       "      <th>ssm_cilo</th>\n",
       "      <td>-0.005004</td>\n",
       "      <td>-0.242739</td>\n",
       "      <td>-0.241106</td>\n",
       "      <td>-0.242573</td>\n",
       "      <td>-0.758435</td>\n",
       "      <td>-0.751612</td>\n",
       "      <td>-0.758063</td>\n",
       "      <td>0.777395</td>\n",
       "      <td>0.776880</td>\n",
       "      <td>0.773362</td>\n",
       "      <td>0.982120</td>\n",
       "      <td>1.000000</td>\n",
       "      <td>0.945905</td>\n",
       "      <td>-0.764703</td>\n",
       "      <td>-0.741007</td>\n",
       "      <td>-0.774093</td>\n",
       "      <td>-0.416634</td>\n",
       "      <td>-0.413926</td>\n",
       "      <td>-0.416356</td>\n",
       "    </tr>\n",
       "    <tr>\n",
       "      <th>ssm_cihi</th>\n",
       "      <td>-0.052281</td>\n",
       "      <td>-0.368078</td>\n",
       "      <td>-0.372258</td>\n",
       "      <td>-0.360382</td>\n",
       "      <td>-0.791413</td>\n",
       "      <td>-0.793526</td>\n",
       "      <td>-0.782242</td>\n",
       "      <td>0.818787</td>\n",
       "      <td>0.809037</td>\n",
       "      <td>0.823707</td>\n",
       "      <td>0.985135</td>\n",
       "      <td>0.945905</td>\n",
       "      <td>1.000000</td>\n",
       "      <td>-0.811443</td>\n",
       "      <td>-0.809197</td>\n",
       "      <td>-0.798568</td>\n",
       "      <td>-0.523751</td>\n",
       "      <td>-0.540235</td>\n",
       "      <td>-0.502620</td>\n",
       "    </tr>\n",
       "    <tr>\n",
       "      <th>eudis_mean</th>\n",
       "      <td>0.043075</td>\n",
       "      <td>0.290781</td>\n",
       "      <td>0.292829</td>\n",
       "      <td>0.286624</td>\n",
       "      <td>0.911005</td>\n",
       "      <td>0.909102</td>\n",
       "      <td>0.906501</td>\n",
       "      <td>-0.907403</td>\n",
       "      <td>-0.909427</td>\n",
       "      <td>-0.899613</td>\n",
       "      <td>-0.809790</td>\n",
       "      <td>-0.764703</td>\n",
       "      <td>-0.811443</td>\n",
       "      <td>1.000000</td>\n",
       "      <td>0.995683</td>\n",
       "      <td>0.995677</td>\n",
       "      <td>0.492273</td>\n",
       "      <td>0.509316</td>\n",
       "      <td>0.473699</td>\n",
       "    </tr>\n",
       "    <tr>\n",
       "      <th>eudis_cilo</th>\n",
       "      <td>0.048560</td>\n",
       "      <td>0.318835</td>\n",
       "      <td>0.322095</td>\n",
       "      <td>0.313130</td>\n",
       "      <td>0.903283</td>\n",
       "      <td>0.904527</td>\n",
       "      <td>0.896017</td>\n",
       "      <td>-0.898536</td>\n",
       "      <td>-0.897613</td>\n",
       "      <td>-0.893796</td>\n",
       "      <td>-0.796706</td>\n",
       "      <td>-0.741007</td>\n",
       "      <td>-0.809197</td>\n",
       "      <td>0.995683</td>\n",
       "      <td>1.000000</td>\n",
       "      <td>0.985537</td>\n",
       "      <td>0.516211</td>\n",
       "      <td>0.536849</td>\n",
       "      <td>0.494130</td>\n",
       "    </tr>\n",
       "    <tr>\n",
       "      <th>eudis_cihi</th>\n",
       "      <td>0.036051</td>\n",
       "      <td>0.258366</td>\n",
       "      <td>0.259144</td>\n",
       "      <td>0.256078</td>\n",
       "      <td>0.905016</td>\n",
       "      <td>0.900155</td>\n",
       "      <td>0.903610</td>\n",
       "      <td>-0.900287</td>\n",
       "      <td>-0.905513</td>\n",
       "      <td>-0.889342</td>\n",
       "      <td>-0.807914</td>\n",
       "      <td>-0.774093</td>\n",
       "      <td>-0.798568</td>\n",
       "      <td>0.995677</td>\n",
       "      <td>0.985537</td>\n",
       "      <td>1.000000</td>\n",
       "      <td>0.462340</td>\n",
       "      <td>0.475675</td>\n",
       "      <td>0.448206</td>\n",
       "    </tr>\n",
       "    <tr>\n",
       "      <th>econlr_mean</th>\n",
       "      <td>0.068432</td>\n",
       "      <td>0.895609</td>\n",
       "      <td>0.890381</td>\n",
       "      <td>0.894761</td>\n",
       "      <td>0.419109</td>\n",
       "      <td>0.424447</td>\n",
       "      <td>0.411169</td>\n",
       "      <td>-0.356209</td>\n",
       "      <td>-0.347034</td>\n",
       "      <td>-0.363045</td>\n",
       "      <td>-0.483151</td>\n",
       "      <td>-0.416634</td>\n",
       "      <td>-0.523751</td>\n",
       "      <td>0.492273</td>\n",
       "      <td>0.516211</td>\n",
       "      <td>0.462340</td>\n",
       "      <td>1.000000</td>\n",
       "      <td>0.996566</td>\n",
       "      <td>0.996293</td>\n",
       "    </tr>\n",
       "    <tr>\n",
       "      <th>econlr_cilo</th>\n",
       "      <td>0.077012</td>\n",
       "      <td>0.895114</td>\n",
       "      <td>0.892278</td>\n",
       "      <td>0.891910</td>\n",
       "      <td>0.434008</td>\n",
       "      <td>0.441509</td>\n",
       "      <td>0.423881</td>\n",
       "      <td>-0.378270</td>\n",
       "      <td>-0.366888</td>\n",
       "      <td>-0.387159</td>\n",
       "      <td>-0.490479</td>\n",
       "      <td>-0.413926</td>\n",
       "      <td>-0.540235</td>\n",
       "      <td>0.509316</td>\n",
       "      <td>0.536849</td>\n",
       "      <td>0.475675</td>\n",
       "      <td>0.996566</td>\n",
       "      <td>1.000000</td>\n",
       "      <td>0.987685</td>\n",
       "    </tr>\n",
       "    <tr>\n",
       "      <th>econlr_cihi</th>\n",
       "      <td>0.058452</td>\n",
       "      <td>0.887197</td>\n",
       "      <td>0.879906</td>\n",
       "      <td>0.888960</td>\n",
       "      <td>0.403738</td>\n",
       "      <td>0.407166</td>\n",
       "      <td>0.398003</td>\n",
       "      <td>-0.333753</td>\n",
       "      <td>-0.326792</td>\n",
       "      <td>-0.338548</td>\n",
       "      <td>-0.471578</td>\n",
       "      <td>-0.416356</td>\n",
       "      <td>-0.502620</td>\n",
       "      <td>0.473699</td>\n",
       "      <td>0.494130</td>\n",
       "      <td>0.448206</td>\n",
       "      <td>0.996293</td>\n",
       "      <td>0.987685</td>\n",
       "      <td>1.000000</td>\n",
       "    </tr>\n",
       "  </tbody>\n",
       "</table>\n",
       "</div>"
      ],
      "text/plain": [
       "                    refno  redist11pt_mean  redist11pt_cilo  redist11pt_cihi  \\\n",
       "refno            1.000000         0.105465         0.107347         0.102611   \n",
       "redist11pt_mean  0.105465         1.000000         0.998403         0.998212   \n",
       "redist11pt_cilo  0.107347         0.998403         1.000000         0.994719   \n",
       "redist11pt_cihi  0.102611         0.998212         0.994719         1.000000   \n",
       "euref_mean       0.032800         0.199081         0.198284         0.198873   \n",
       "euref_cilo       0.030020         0.203076         0.204082         0.200940   \n",
       "euref_cihi       0.034251         0.193719         0.191110         0.195525   \n",
       "immigcult_mean  -0.029933        -0.195862        -0.202451        -0.188262   \n",
       "immigcult_cilo  -0.029380        -0.181754        -0.186220        -0.176520   \n",
       "immigcult_cihi  -0.027276        -0.208318        -0.217126        -0.198371   \n",
       "ssm_mean        -0.032670        -0.314321        -0.315453        -0.310048   \n",
       "ssm_cilo        -0.005004        -0.242739        -0.241106        -0.242573   \n",
       "ssm_cihi        -0.052281        -0.368078        -0.372258        -0.360382   \n",
       "eudis_mean       0.043075         0.290781         0.292829         0.286624   \n",
       "eudis_cilo       0.048560         0.318835         0.322095         0.313130   \n",
       "eudis_cihi       0.036051         0.258366         0.259144         0.256078   \n",
       "econlr_mean      0.068432         0.895609         0.890381         0.894761   \n",
       "econlr_cilo      0.077012         0.895114         0.892278         0.891910   \n",
       "econlr_cihi      0.058452         0.887197         0.879906         0.888960   \n",
       "\n",
       "                 euref_mean  euref_cilo  euref_cihi  immigcult_mean  \\\n",
       "refno              0.032800    0.030020    0.034251       -0.029933   \n",
       "redist11pt_mean    0.199081    0.203076    0.193719       -0.195862   \n",
       "redist11pt_cilo    0.198284    0.204082    0.191110       -0.202451   \n",
       "redist11pt_cihi    0.198873    0.200940    0.195525       -0.188262   \n",
       "euref_mean         1.000000    0.997451    0.997891       -0.935041   \n",
       "euref_cilo         0.997451    1.000000    0.991884       -0.934483   \n",
       "euref_cihi         0.997891    0.991884    1.000000       -0.929004   \n",
       "immigcult_mean    -0.935041   -0.934483   -0.929004        1.000000   \n",
       "immigcult_cilo    -0.941718   -0.938182   -0.938573        0.997232   \n",
       "immigcult_cihi    -0.922216   -0.924828   -0.913228        0.997174   \n",
       "ssm_mean          -0.793470   -0.791082   -0.788666        0.818468   \n",
       "ssm_cilo          -0.758435   -0.751612   -0.758063        0.777395   \n",
       "ssm_cihi          -0.791413   -0.793526   -0.782242        0.818787   \n",
       "eudis_mean         0.911005    0.909102    0.906501       -0.907403   \n",
       "eudis_cilo         0.903283    0.904527    0.896017       -0.898536   \n",
       "eudis_cihi         0.905016    0.900155    0.903610       -0.900287   \n",
       "econlr_mean        0.419109    0.424447    0.411169       -0.356209   \n",
       "econlr_cilo        0.434008    0.441509    0.423881       -0.378270   \n",
       "econlr_cihi        0.403738    0.407166    0.398003       -0.333753   \n",
       "\n",
       "                 immigcult_cilo  immigcult_cihi  ssm_mean  ssm_cilo  ssm_cihi  \\\n",
       "refno                 -0.029380       -0.027276 -0.032670 -0.005004 -0.052281   \n",
       "redist11pt_mean       -0.181754       -0.208318 -0.314321 -0.242739 -0.368078   \n",
       "redist11pt_cilo       -0.186220       -0.217126 -0.315453 -0.241106 -0.372258   \n",
       "redist11pt_cihi       -0.176520       -0.198371 -0.310048 -0.242573 -0.360382   \n",
       "euref_mean            -0.941718       -0.922216 -0.793470 -0.758435 -0.791413   \n",
       "euref_cilo            -0.938182       -0.924828 -0.791082 -0.751612 -0.793526   \n",
       "euref_cihi            -0.938573       -0.913228 -0.788666 -0.758063 -0.782242   \n",
       "immigcult_mean         0.997232        0.997174  0.818468  0.777395  0.818787   \n",
       "immigcult_cilo         1.000000        0.989445  0.812780  0.776880  0.809037   \n",
       "immigcult_cihi         0.989445        1.000000  0.819200  0.773362  0.823707   \n",
       "ssm_mean               0.812780        0.819200  1.000000  0.982120  0.985135   \n",
       "ssm_cilo               0.776880        0.773362  0.982120  1.000000  0.945905   \n",
       "ssm_cihi               0.809037        0.823707  0.985135  0.945905  1.000000   \n",
       "eudis_mean            -0.909427       -0.899613 -0.809790 -0.764703 -0.811443   \n",
       "eudis_cilo            -0.897613       -0.893796 -0.796706 -0.741007 -0.809197   \n",
       "eudis_cihi            -0.905513       -0.889342 -0.807914 -0.774093 -0.798568   \n",
       "econlr_mean           -0.347034       -0.363045 -0.483151 -0.416634 -0.523751   \n",
       "econlr_cilo           -0.366888       -0.387159 -0.490479 -0.413926 -0.540235   \n",
       "econlr_cihi           -0.326792       -0.338548 -0.471578 -0.416356 -0.502620   \n",
       "\n",
       "                 eudis_mean  eudis_cilo  eudis_cihi  econlr_mean  econlr_cilo  \\\n",
       "refno              0.043075    0.048560    0.036051     0.068432     0.077012   \n",
       "redist11pt_mean    0.290781    0.318835    0.258366     0.895609     0.895114   \n",
       "redist11pt_cilo    0.292829    0.322095    0.259144     0.890381     0.892278   \n",
       "redist11pt_cihi    0.286624    0.313130    0.256078     0.894761     0.891910   \n",
       "euref_mean         0.911005    0.903283    0.905016     0.419109     0.434008   \n",
       "euref_cilo         0.909102    0.904527    0.900155     0.424447     0.441509   \n",
       "euref_cihi         0.906501    0.896017    0.903610     0.411169     0.423881   \n",
       "immigcult_mean    -0.907403   -0.898536   -0.900287    -0.356209    -0.378270   \n",
       "immigcult_cilo    -0.909427   -0.897613   -0.905513    -0.347034    -0.366888   \n",
       "immigcult_cihi    -0.899613   -0.893796   -0.889342    -0.363045    -0.387159   \n",
       "ssm_mean          -0.809790   -0.796706   -0.807914    -0.483151    -0.490479   \n",
       "ssm_cilo          -0.764703   -0.741007   -0.774093    -0.416634    -0.413926   \n",
       "ssm_cihi          -0.811443   -0.809197   -0.798568    -0.523751    -0.540235   \n",
       "eudis_mean         1.000000    0.995683    0.995677     0.492273     0.509316   \n",
       "eudis_cilo         0.995683    1.000000    0.985537     0.516211     0.536849   \n",
       "eudis_cihi         0.995677    0.985537    1.000000     0.462340     0.475675   \n",
       "econlr_mean        0.492273    0.516211    0.462340     1.000000     0.996566   \n",
       "econlr_cilo        0.509316    0.536849    0.475675     0.996566     1.000000   \n",
       "econlr_cihi        0.473699    0.494130    0.448206     0.996293     0.987685   \n",
       "\n",
       "                 econlr_cihi  \n",
       "refno               0.058452  \n",
       "redist11pt_mean     0.887197  \n",
       "redist11pt_cilo     0.879906  \n",
       "redist11pt_cihi     0.888960  \n",
       "euref_mean          0.403738  \n",
       "euref_cilo          0.407166  \n",
       "euref_cihi          0.398003  \n",
       "immigcult_mean     -0.333753  \n",
       "immigcult_cilo     -0.326792  \n",
       "immigcult_cihi     -0.338548  \n",
       "ssm_mean           -0.471578  \n",
       "ssm_cilo           -0.416356  \n",
       "ssm_cihi           -0.502620  \n",
       "eudis_mean          0.473699  \n",
       "eudis_cilo          0.494130  \n",
       "eudis_cihi          0.448206  \n",
       "econlr_mean         0.996293  \n",
       "econlr_cilo         0.987685  \n",
       "econlr_cihi         1.000000  "
      ]
     },
     "execution_count": 18,
     "metadata": {},
     "output_type": "execute_result"
    }
   ],
   "source": [
    "df.corr()"
   ]
  },
  {
   "cell_type": "code",
   "execution_count": 25,
   "metadata": {
    "collapsed": false
   },
   "outputs": [
    {
     "data": {
      "text/plain": [
       "<matplotlib.text.Text at 0x106f76a90>"
      ]
     },
     "execution_count": 25,
     "metadata": {},
     "output_type": "execute_result"
    },
    {
     "data": {
